0	1 
1	2 
2	1 
3	1 
4	1 
5	1 
6	1 
7	1 
8	1 
9	1 
10	1 
11	2 
12	2 
13	1 
14	1 
15	2 
16	2 
17	1 
18	2 
19	1 
20	1 
21	2 
22	1 
23	2 
24	1 
25	1 
26	1 
27	1 
28	2 
29	2 
30	2 
31	1 
32	2 
33	1 
34	1 
35	1 
36	2 
37	2 
38	1 
39	1 
40	1 
41	1 
42	1 
43	2 
44	1 
45	2 
46	1 
47	2 
48	2 
49	2 
50	1 
51	2 
52	2 
53	2 
54	1 
55	1 
56	2 
57	1 
58	1 
59	2 
60	2 
61	2 
62	2 
63	1 
64	1 
65	1 
66	2 
67	1 
68	2 
69	1 
70	1 
71	1 
72	1 
73	1 
74	1 
75	1 
76	1 
77	1 
78	2 
79	1 
80	2 
81	2 
82	1 
83	2 
84	2 
85	1 
86	2 
87	1 
88	2 
89	1 
90	2 
91	1 
92	1 
93	1 
94	2 
95	1 
96	2 
97	1 
98	1 
99	2 
100	1 
101	1 
102	1 
103	1 
104	2 
105	1 
106	1 
107	1 
108	1 
109	1 
110	2 
111	2 
112	1 
113	1 
114	2 
115	1 
116	2 
117	2 
118	1 
119	1 
120	1 
121	1 
122	2 
123	1 
124	1 
125	1 
126	2 
127	1 
128	2 
129	2 
130	1 
131	2 
132	1 
133	2 
134	1 
135	2 
136	1 
137	1 
138	1 
139	1 
140	2 
141	1 
142	2 
143	1 
144	2 
145	1 
146	1 
147	2 
148	1 
149	2 
150	2 
151	1 
152	1 
153	1 
154	2 
155	2 
156	1 
157	1 
158	1 
159	1 
160	1 
161	1 
162	2 
163	1 
164	1 
165	1 
166	1 
167	2 
168	1 
169	1 
170	1 
171	1 
172	1 
173	1 
174	1 
175	1 
176	1 
177	2 
178	2 
179	2 
180	1 
181	1 
182	2 
183	2 
184	1 
185	1 
186	2 
187	1 
188	1 
189	1 
190	2 
191	1 
192	1 
193	1 
194	2 
195	1 
196	1 
197	1 
198	2 
199	1 
200	1 
201	1 
202	1 
203	2 
204	1 
205	2 
206	1 
207	2 
208	1 
209	1 
210	2 
211	1 
212	1 
213	2 
214	1 
215	1 
216	1 
217	2 
218	1 
219	1 
220	1 
221	1 
222	2 
223	2 
224	1 
225	1 
226	1 
227	2 
228	2 
229	2 
230	1 
231	2 
232	1 
233	2 
234	2 
235	2 
236	2 
237	1 
238	1 
239	2 
240	2 
241	1 
242	1 
243	2 
244	1 
245	2 
246	2 
247	1 
248	1 
249	1 
250	2 
251	2 
252	2 
253	2 
254	1 
255	1 
256	2 
257	2 
258	1 
259	1 
260	1 
261	1 
262	1 
263	1 
264	2 
265	1 
266	1 
267	1 
268	1 
269	2 
270	2 
271	1 
272	1 
273	2 
274	1 
275	1 
276	1 
277	1 
278	2 
279	2 
280	1 
281	1 
282	1 
283	1 
284	1 
285	1 
286	1 
287	2 
288	1 
289	1 
290	1 
291	1 
292	2 
293	1 
294	1 
295	1 
296	2 
297	1 
298	2 
299	1 
300	2 
301	2 
302	2 
303	2 
304	2 
305	1 
306	1 
307	1 
308	1 
309	2 
310	2 
311	1 
312	1 
313	1 
314	1 
315	2 
316	2 
317	1 
318	1 
319	2 
320	1 
321	1 
322	2 
323	1 
324	1 
325	1 
326	1 
327	2 
328	1 
329	1 
330	2 
331	1 
332	1 
333	2 
334	2 
335	1 
336	2 
337	2 
338	2 
339	1 
340	2 
341	2 
342	1 
343	1 
344	1 
345	2 
346	1 
347	1 
348	1 
349	1 
350	1 
351	1 
352	1 
353	2 
354	1 
355	1 
356	2 
357	1 
358	1 
359	1 
360	2 
361	1 
362	2 
363	1 
364	1 
365	1 
366	1 
367	1 
368	1 
369	1 
370	2 
371	2 
372	1 
373	2 
374	1 
375	1 
376	1 
377	1 
378	1 
379	2 
380	1 
381	2 
382	1 
383	1 
384	1 
385	2 
386	2 
387	1 
388	1 
389	1 
390	2 
391	1 
392	2 
393	2 
394	1 
395	1 
396	1 
397	1 
398	1 
399	2 
400	1 
401	1 
402	1 
403	1 
404	1 
405	1 
406	1 
407	1 
408	1 
409	1 
410	2 
411	2 
412	2 
413	1 
414	2 
415	1 
416	2 
417	2 
418	1 
419	1 
420	1 
421	1 
422	1 
423	2 
424	1 
425	1 
426	1 
427	1 
428	1 
429	2 
430	1 
431	1 
432	1 
433	1 
434	1 
435	1 
436	1 
437	1 
438	1 
439	1 
440	1 
441	1 
442	2 
443	1 
444	1 
445	1 
446	2 
447	1 
448	1 
449	1 
450	1 
451	1 
452	1 
453	2 
454	1 
455	1 
456	1 
457	1 
458	1 
459	1 
460	1 
461	2 
462	1 
463	2 
464	1 
465	1 
466	1 
467	1 
468	2 
469	1 
470	1 
471	1 
472	2 
473	2 
474	1 
475	1 
476	1 
477	1 
478	1 
479	1 
480	1 
481	1 
482	1 
483	1 
484	1 
485	1 
486	1 
487	1 
488	1 
489	1 
490	1 
491	1 
492	2 
493	1 
494	1 
495	1 
496	1 
497	2 
498	2 
499	2 
500	1 
501	1 
502	1 
503	2 
504	1 
505	1 
506	1 
507	1 
508	1 
509	1 
510	1 
511	1 
512	1 
513	1 
514	1 
515	1 
516	1 
517	1 
518	1 
519	1 
520	1 
521	2 
522	1 
523	1 
524	2 
525	1 
526	1 
527	1 
528	2 
529	1 
530	1 
531	1 
532	1 
533	1 
534	1 
535	1 
536	1 
537	2 
538	1 
539	1 
540	1 
541	1 
542	2 
543	1 
544	1 
545	1 
546	1 
547	2 
548	2 
549	1 
550	1 
551	1 
552	1 
553	2 
554	1 
555	2 
556	1 
557	1 
558	1 
559	1 
560	2 
561	1 
562	1 
563	1 
564	2 
565	2 
566	2 
567	2 
568	1 
569	1 
570	1 
571	2 
572	2 
573	1 
574	2 
575	1 
576	2 
577	2 
578	1 
579	1 
580	2 
581	1 
582	1 
583	1 
584	2 
585	1 
586	2 
587	2 
588	1 
589	1 
590	2 
591	2 
592	1 
593	1 
594	1 
595	2 
596	1 
597	1 
598	1 
599	2 
600	1 
601	1 
602	1 
603	1 
604	1 
605	1 
606	1 
607	1 
608	1 
609	1 
610	1 
611	1 
612	2 
613	2 
614	1 
615	2 
616	2 
617	1 
618	1 
619	1 
620	1 
621	2 
622	1 
623	2 
624	2 
625	1 
626	1 
627	1 
628	1 
629	2 
630	1 
631	1 
632	1 
633	1 
634	1 
635	2 
636	2 
637	1 
638	1 
639	1 
640	2 
641	2 
642	1 
643	1 
644	1 
645	1 
646	1 
647	1 
648	2 
649	1 
650	2 
651	1 
652	2 
653	1 
654	1 
655	1 
656	1 
657	1 
658	1 
659	2 
660	2 
661	1 
662	1 
663	2 
664	1 
665	1 
666	1 
667	2 
668	1 
669	1 
670	1 
671	1 
672	2 
673	1 
674	1 
675	1 
676	1 
677	1 
678	1 
679	2 
680	1 
681	1 
682	1 
683	1 
684	1 
685	2 
686	1 
687	1 
688	1 
689	2 
690	1 
691	2 
692	1 
693	2 
694	1 
695	1 
696	1 
697	2 
698	2 
699	1 
700	1 
701	1 
702	2 
703	2 
704	2 
705	2 
706	1 
707	2 
708	1 
709	2 
710	2 
711	2 
712	1 
713	2 
714	2 
715	1 
716	2 
717	2 
718	2 
719	2 
720	2 
721	1 
722	1 
723	1 
724	1 
725	1 
726	1 
727	1 
728	2 
729	1 
730	1 
731	1 
732	2 
733	1 
734	1 
735	1 
736	1 
737	2 
738	1 
739	2 
740	2 
741	2 
742	2 
743	2 
744	1 
745	2 
746	2 
747	1 
748	1 
749	2 
750	1 
751	2 
752	1 
753	2 
754	2 
755	2 
756	1 
757	2 
758	1 
759	2 
760	1 
761	1 
762	1 
763	1 
764	2 
765	2 
766	1 
767	1 
768	2 
769	1 
770	2 
771	1 
772	2 
773	1 
774	1 
775	1 
776	1 
777	1 
778	2 
779	2 
780	2 
781	2 
782	2 
783	2 
784	1 
785	1 
786	2 
787	2 
788	2 
789	2 
790	2 
791	2 
792	2 
793	2 
794	2 
795	2 
796	1 
797	1 
798	2 
799	2 
800	2 
801	2 
802	1 
803	1 
804	1 
805	2 
806	1 
807	2 
808	2 
809	2 
810	1 
811	2 
812	1 
813	2 
814	2 
815	2 
816	1 
817	2 
818	1 
819	2 
820	2 
821	2 
822	2 
823	2 
824	2 
825	1 
826	2 
827	2 
828	2 
829	1 
830	1 
831	1 
832	1 
833	1 
834	1 
835	2 
836	2 
837	2 
838	2 
839	1 
840	1 
841	1 
842	2 
843	2 
844	2 
845	2 
846	1 
847	1 
848	2 
849	1 
850	1 
851	2 
852	2 
853	2 
854	2 
855	2 
856	1 
857	1 
858	1 
859	1 
860	1 
861	2 
862	1 
863	1 
864	1 
865	1 
866	1 
867	2 
868	1 
869	1 
870	1 
871	2 
872	2 
873	1 
874	1 
875	1 
876	1 
877	1 
878	1 
879	1 
880	2 
881	1 
882	2 
883	1 
884	2 
885	2 
886	2 
887	1 
888	1 
889	1 
890	2 
891	1 
892	1 
893	1 
894	1 
895	1 
896	1 
897	2 
898	1 
899	2 
900	1 
901	1 
902	1 
903	1 
904	1 
905	1 
906	1 
907	2 
908	2 
909	1 
910	2 
911	2 
912	1 
913	1 
914	1 
915	1 
916	2 
917	1 
918	2 
919	2 
920	2 
921	1 
922	1 
923	2 
924	1 
925	2 
926	1 
927	1 
928	1 
929	1 
930	1 
931	1 
932	1 
933	2 
934	1 
935	1 
936	1 
937	2 
938	2 
939	1 
940	1 
941	2 
942	1 
943	1 
944	1 
945	1 
946	2 
947	2 
948	1 
949	1 
950	1 
951	1 
952	1 
953	2 
954	2 
955	1 
956	1 
957	1 
958	1 
959	2 
960	1 
961	1 
962	1 
963	1 
964	1 
965	2 
966	1 
967	2 
968	1 
969	1 
970	1 
971	1 
972	2 
973	1 
974	2 
975	1 
976	1 
977	1 
978	1 
979	1 
980	1 
981	1 
982	2 
983	2 
984	1 
985	1 
986	1 
987	1 
988	1 
989	2 
990	1 
991	1 
992	1 
993	2 
994	2 
995	1 
996	1 
997	1 
998	1 
999	2 
1000	2 
1001	2 
1002	2 
1003	1 
1004	2 
1005	1 
1006	1 
1007	1 
1008	1 
1009	2 
1010	1 
1011	1 
1012	2 
1013	1 
1014	1 
1015	1 
1016	1 
1017	2 
1018	2 
1019	1 
1020	1 
1021	1 
1022	1 
1023	2 
1024	2 
1025	1 
1026	1 
1027	1 
1028	2 
1029	1 
1030	1 
1031	1 
1032	1 
1033	1 
1034	2 
1035	1 
1036	2 
1037	1 
1038	2 
1039	2 
1040	2 
1041	1 
1042	1 
1043	2 
1044	1 
1045	1 
1046	2 
1047	2 
1048	1 
1049	1 
1050	1 
1051	1 
1052	1 
1053	1 
1054	1 
1055	2 
1056	2 
1057	1 
1058	1 
1059	1 
1060	2 
1061	1 
1062	1 
1063	2 
1064	1 
1065	2 
1066	1 
1067	2 
1068	1 
1069	2 
1070	1 
1071	1 
1072	1 
1073	1 
1074	1 
1075	1 
1076	2 
1077	1 
1078	1 
1079	2 
1080	1 
1081	1 
1082	1 
1083	1 
1084	1 
1085	1 
1086	1 
1087	1 
1088	1 
1089	1 
1090	1 
1091	1 
1092	2 
1093	1 
1094	2 
1095	1 
1096	1 
1097	1 
1098	1 
1099	1 
1100	1 
1101	1 
1102	1 
1103	2 
1104	1 
1105	1 
1106	1 
1107	1 
1108	1 
1109	1 
1110	1 
1111	1 
1112	1 
1113	1 
1114	1 
1115	1 
1116	1 
1117	2 
1118	1 
1119	2 
1120	1 
1121	1 
1122	1 
1123	1 
1124	2 
1125	2 
1126	1 
1127	2 
1128	1 
1129	1 
1130	2 
1131	1 
1132	1 
1133	2 
1134	2 
1135	1 
1136	1 
1137	2 
1138	1 
1139	1 
1140	2 
1141	2 
1142	2 
1143	1 
1144	1 
1145	2 
1146	1 
1147	1 
1148	2 
1149	2 
1150	2 
1151	1 
1152	1 
1153	1 
1154	1 
1155	2 
1156	2 
1157	2 
1158	1 
1159	1 
1160	1 
1161	1 
1162	2 
1163	1 
1164	1 
1165	1 
1166	1 
1167	1 
1168	1 
1169	2 
1170	1 
1171	1 
1172	1 
1173	2 
1174	2 
1175	1 
1176	1 
1177	1 
1178	1 
1179	1 
1180	1 
1181	2 
1182	2 
1183	1 
1184	1 
1185	1 
1186	1 
1187	1 
1188	1 
1189	1 
1190	1 
1191	2 
1192	2 
1193	1 
1194	2 
1195	1 
1196	2 
1197	2 
1198	2 
1199	1 
1200	2 
1201	2 
1202	1 
1203	1 
1204	2 
1205	1 
1206	1 
1207	1 
1208	2 
1209	1 
1210	1 
1211	2 
1212	2 
1213	1 
1214	2 
1215	2 
1216	1 
1217	1 
1218	1 
1219	1 
1220	2 
1221	1 
1222	1 
1223	1 
1224	1 
1225	1 
1226	1 
1227	1 
1228	2 
1229	1 
1230	1 
1231	1 
1232	1 
1233	2 
1234	2 
1235	2 
1236	1 
1237	2 
1238	1 
1239	1 
1240	2 
1241	1 
1242	1 
1243	2 
1244	1 
1245	1 
1246	1 
1247	1 
1248	1 
1249	1 
1250	1 
1251	1 
1252	1 
1253	2 
1254	2 
1255	2 
1256	1 
1257	2 
1258	1 
1259	1 
1260	1 
1261	1 
1262	1 
1263	1 
1264	1 
1265	1 
1266	2 
1267	1 
1268	1 
1269	1 
1270	2 
1271	2 
1272	1 
1273	2 
1274	2 
1275	1 
1276	2 
1277	1 
1278	1 
1279	1 
1280	1 
1281	1 
1282	1 
1283	1 
1284	2 
1285	2 
1286	1 
1287	2 
1288	1 
1289	2 
1290	2 
1291	1 
1292	1 
1293	1 
1294	1 
1295	2 
1296	1 
1297	1 
1298	1 
1299	1 
1300	1 
1301	1 
1302	1 
1303	2 
1304	1 
1305	1 
1306	1 
1307	1 
1308	1 
1309	2 
1310	1 
1311	1 
1312	2 
1313	1 
1314	1 
1315	2 
1316	1 
1317	1 
1318	1 
1319	2 
1320	1 
1321	2 
1322	1 
1323	1 
1324	2 
1325	1 
1326	2 
1327	2 
1328	1 
1329	2 
1330	2 
1331	2 
1332	1 
1333	1 
1334	1 
1335	2 
1336	2 
1337	1 
1338	1 
1339	2 
1340	1 
1341	1 
1342	2 
1343	1 
1344	1 
1345	1 
1346	1 
1347	1 
1348	1 
1349	1 
1350	1 
1351	1 
1352	1 
1353	1 
1354	1 
1355	1 
1356	1 
1357	1 
1358	2 
1359	1 
1360	1 
1361	1 
1362	1 
1363	1 
1364	1 
1365	2 
1366	1 
1367	1 
1368	1 
1369	1 
1370	2 
1371	1 
1372	2 
1373	1 
1374	1 
1375	1 
1376	2 
1377	1 
1378	2 
1379	1 
1380	2 
1381	2 
1382	1 
1383	2 
1384	2 
1385	1 
1386	1 
1387	1 
1388	1 
1389	1 
1390	1 
1391	1 
1392	1 
1393	1 
1394	2 
1395	2 
1396	2 
1397	2 
1398	2 
1399	1 
1400	2 
1401	1 
1402	2 
1403	2 
1404	1 
1405	2 
1406	1 
1407	1 
1408	1 
1409	1 
1410	1 
1411	2 
1412	1 
1413	2 
1414	1 
1415	1 
1416	1 
1417	2 
1418	1 
1419	2 
1420	1 
1421	1 
1422	1 
1423	2 
1424	1 
1425	2 
1426	1 
1427	2 
1428	1 
1429	1 
1430	1 
1431	1 
1432	1 
1433	2 
1434	2 
1435	1 
1436	1 
1437	2 
1438	1 
1439	1 
1440	2 
1441	2 
1442	2 
1443	1 
1444	1 
1445	2 
1446	2 
1447	2 
1448	1 
1449	1 
1450	1 
1451	2 
1452	1 
1453	1 
1454	1 
1455	2 
1456	1 
1457	2 
1458	2 
1459	1 
1460	1 
1461	1 
1462	1 
1463	2 
1464	2 
1465	1 
1466	2 
1467	1 
1468	1 
1469	1 
1470	1 
1471	1 
1472	1 
1473	1 
1474	2 
1475	2 
1476	2 
1477	2 
1478	2 
1479	1 
1480	1 
1481	1 
1482	1 
1483	2 
1484	1 
1485	2 
1486	1 
1487	2 
1488	2 
1489	2 
1490	1 
1491	1 
1492	2 
1493	2 
1494	1 
1495	2 
1496	1 
1497	2 
1498	2 
1499	1 
1500	1 
1501	1 
1502	1 
1503	1 
1504	1 
1505	2 
1506	2 
1507	1 
1508	2 
1509	2 
1510	2 
1511	2 
1512	1 
1513	1 
1514	1 
1515	2 
1516	1 
1517	1 
1518	2 
1519	2 
1520	1 
1521	2 
1522	2 
1523	2 
1524	1 
1525	1 
1526	2 
1527	1 
1528	1 
1529	1 
1530	2 
1531	1 
1532	2 
1533	1 
1534	1 
1535	1 
1536	1 
1537	2 
1538	1 
1539	1 
1540	2 
1541	1 
1542	1 
1543	1 
1544	1 
1545	1 
1546	1 
1547	1 
1548	1 
1549	1 
1550	2 
1551	2 
1552	2 
1553	1 
1554	1 
1555	1 
1556	2 
1557	1 
1558	1 
1559	2 
1560	2 
1561	1 
1562	1 
1563	2 
1564	1 
1565	1 
1566	2 
1567	2 
1568	2 
1569	1 
1570	1 
1571	1 
1572	1 
1573	1 
1574	1 
1575	1 
1576	2 
1577	1 
1578	1 
1579	1 
1580	2 
1581	2 
1582	1 
1583	1 
1584	1 
1585	2 
1586	2 
1587	1 
1588	1 
1589	2 
1590	2 
1591	1 
1592	2 
1593	2 
1594	2 
1595	2 
1596	1 
1597	2 
1598	2 
1599	1 
1600	1 
1601	1 
1602	1 
1603	1 
1604	1 
1605	2 
1606	1 
1607	1 
1608	1 
1609	1 
1610	1 
1611	1 
1612	2 
1613	2 
1614	2 
1615	1 
1616	2 
1617	2 
1618	2 
1619	2 
1620	1 
1621	1 
1622	1 
1623	2 
1624	1 
1625	1 
1626	2 
1627	2 
1628	1 
1629	1 
1630	1 
1631	1 
1632	1 
1633	1 
1634	1 
1635	1 
1636	1 
1637	2 
1638	2 
1639	1 
1640	1 
1641	1 
1642	1 
1643	2 
1644	2 
1645	1 
1646	1 
1647	2 
1648	2 
1649	1 
1650	1 
1651	2 
1652	1 
1653	1 
1654	2 
1655	2 
1656	1 
1657	2 
1658	1 
1659	2 
1660	1 
1661	2 
1662	2 
1663	1 
1664	1 
1665	2 
1666	1 
1667	1 
1668	1 
1669	1 
1670	1 
1671	1 
1672	1 
1673	1 
1674	2 
1675	1 
1676	1 
1677	1 
1678	1 
1679	1 
1680	2 
1681	1 
1682	2 
1683	1 
1684	2 
1685	1 
1686	1 
1687	1 
1688	1 
1689	1 
1690	1 
1691	1 
1692	2 
1693	1 
1694	2 
1695	1 
1696	1 
1697	2 
1698	2 
1699	1 
1700	2 
1701	1 
1702	2 
1703	1 
1704	2 
1705	2 
1706	2 
1707	2 
1708	1 
1709	1 
1710	2 
1711	2 
1712	2 
1713	1 
1714	1 
1715	2 
1716	2 
1717	2 
1718	1 
1719	1 
1720	1 
1721	1 
1722	2 
1723	1 
1724	2 
1725	2 
1726	1 
1727	1 
1728	2 
1729	1 
1730	1 
1731	1 
1732	2 
1733	1 
1734	1 
1735	2 
1736	2 
1737	1 
1738	1 
1739	2 
1740	1 
1741	2 
1742	1 
1743	2 
1744	1 
1745	1 
1746	1 
1747	1 
1748	1 
1749	2 
1750	2 
1751	2 
1752	2 
1753	2 
1754	2 
1755	2 
1756	1 
1757	1 
1758	1 
1759	1 
1760	1 
1761	1 
1762	2 
1763	1 
1764	1 
1765	1 
1766	2 
1767	1 
1768	2 
1769	2 
1770	1 
1771	1 
1772	2 
1773	2 
1774	2 
1775	2 
1776	1 
1777	1 
1778	1 
1779	2 
1780	1 
1781	1 
1782	1 
1783	1 
1784	1 
1785	2 
1786	1 
1787	2 
1788	1 
1789	1 
1790	2 
1791	2 
1792	1 
1793	2 
1794	1 
1795	1 
1796	1 
1797	2 
1798	1 
1799	2 
1800	1 
1801	2 
1802	1 
1803	1 
1804	1 
1805	2 
1806	2 
1807	1 
1808	2 
1809	1 
1810	1 
1811	1 
1812	2 
1813	1 
1814	1 
1815	1 
1816	1 
1817	2 
1818	1 
1819	1 
1820	1 
1821	2 
1822	2 
1823	1 
1824	2 
1825	1 
1826	1 
1827	2 
1828	1 
1829	1 
1830	1 
1831	1 
1832	1 
1833	1 
1834	2 
1835	2 
1836	2 
1837	1 
1838	2 
1839	2 
1840	1 
1841	2 
1842	1 
1843	1 
1844	1 
1845	1 
1846	2 
1847	1 
1848	2 
1849	2 
1850	1 
1851	1 
1852	1 
1853	2 
1854	1 
1855	2 
1856	1 
1857	1 
1858	2 
1859	1 
1860	1 
1861	1 
1862	1 
1863	1 
1864	1 
1865	2 
1866	1 
1867	1 
1868	1 
1869	2 
1870	1 
1871	1 
1872	1 
1873	1 
1874	1 
1875	2 
1876	1 
1877	1 
1878	2 
1879	2 
1880	1 
1881	2 
1882	2 
1883	1 
1884	1 
1885	1 
1886	2 
1887	1 
1888	1 
1889	1 
1890	2 
1891	1 
1892	1 
1893	2 
1894	1 
1895	1 
1896	1 
1897	1 
1898	1 
1899	1 
1900	2 
1901	2 
1902	2 
1903	1 
1904	1 
1905	1 
1906	1 
1907	1 
1908	1 
1909	2 
1910	1 
1911	2 
1912	2 
1913	1 
1914	1 
1915	1 
1916	2 
1917	1 
1918	2 
1919	2 
1920	2 
1921	2 
1922	1 
1923	1 
1924	1 
1925	2 
1926	2 
1927	2 
1928	2 
1929	2 
1930	2 
1931	1 
1932	1 
1933	1 
1934	1 
1935	2 
1936	1 
1937	1 
1938	2 
1939	1 
1940	2 
1941	1 
1942	2 
1943	1 
1944	2 
1945	2 
1946	1 
1947	1 
1948	1 
1949	2 
1950	1 
1951	2 
1952	1 
1953	1 
1954	2 
1955	1 
1956	1 
1957	1 
1958	2 
1959	1 
1960	2 
1961	2 
1962	1 
1963	2 
1964	1 
1965	2 
1966	1 
1967	1 
1968	2 
1969	2 
1970	2 
1971	2 
1972	1 
1973	1 
1974	2 
1975	1 
1976	2 
1977	1 
1978	1 
1979	1 
1980	1 
1981	2 
1982	2 
1983	1 
1984	1 
1985	2 
1986	1 
1987	2 
1988	2 
1989	1 
1990	2 
1991	1 
1992	1 
1993	2 
1994	1 
1995	1 
1996	2 
1997	2 
1998	1 
1999	1 
2000	1 
2001	1 
2002	1 
2003	2 
2004	2 
2005	2 
2006	1 
2007	1 
2008	1 
2009	2 
2010	2 
2011	2 
2012	1 
2013	2 
2014	2 
2015	2 
2016	1 
2017	2 
2018	1 
2019	2 
2020	2 
2021	2 
2022	2 
2023	1 
2024	2 
2025	1 
2026	1 
2027	1 
2028	1 
2029	1 
2030	2 
2031	1 
2032	1 
2033	2 
2034	2 
2035	2 
2036	1 
2037	1 
2038	1 
2039	2 
2040	1 
2041	1 
2042	1 
2043	2 
2044	2 
2045	1 
2046	2 
2047	1 
2048	2 
2049	1 
2050	1 
2051	2 
2052	1 
2053	1 
2054	1 
2055	1 
2056	2 
2057	1 
2058	1 
2059	1 
2060	1 
2061	1 
2062	1 
2063	2 
2064	1 
2065	2 
2066	1 
2067	2 
2068	2 
2069	1 
2070	1 
2071	1 
2072	1 
2073	2 
2074	2 
2075	2 
2076	1 
2077	1 
2078	1 
2079	2 
2080	1 
2081	2 
2082	2 
2083	1 
2084	1 
2085	2 
2086	1 
2087	2 
2088	2 
2089	2 
2090	1 
2091	2 
2092	1 
2093	1 
2094	2 
2095	2 
2096	1 
2097	2 
2098	2 
2099	1 
2100	2 
2101	1 
2102	1 
2103	2 
2104	1 
2105	1 
2106	1 
2107	2 
2108	1 
2109	1 
2110	2 
2111	2 
2112	1 
2113	2 
2114	1 
2115	1 
2116	1 
2117	2 
2118	1 
2119	2 
2120	2 
2121	2 
2122	1 
2123	1 
2124	1 
2125	1 
2126	2 
2127	2 
2128	1 
2129	2 
2130	2 
2131	1 
2132	1 
2133	2 
2134	2 
2135	1 
2136	1 
2137	2 
2138	1 
2139	1 
2140	2 
2141	2 
2142	2 
2143	1 
2144	2 
2145	2 
2146	1 
2147	1 
2148	1 
2149	2 
2150	1 
2151	1 
2152	1 
2153	2 
2154	2 
2155	2 
2156	2 
2157	2 
2158	2 
2159	1 
2160	2 
2161	1 
2162	1 
2163	1 
2164	1 
2165	2 
2166	1 
2167	2 
2168	1 
2169	1 
2170	1 
2171	1 
2172	2 
2173	1 
2174	1 
2175	2 
2176	2 
2177	1 
2178	1 
2179	2 
2180	2 
2181	2 
2182	2 
2183	1 
2184	2 
2185	2 
2186	2 
2187	1 
2188	1 
2189	2 
2190	2 
2191	1 
2192	2 
2193	2 
2194	1 
2195	2 
2196	1 
2197	1 
2198	2 
2199	2 
2200	1 
2201	1 
2202	2 
2203	1 
2204	1 
2205	2 
2206	1 
2207	2 
2208	2 
2209	2 
2210	1 
2211	1 
2212	1 
2213	1 
2214	2 
2215	1 
2216	1 
2217	1 
2218	1 
2219	2 
2220	2 
2221	1 
2222	1 
2223	1 
2224	1 
2225	1 
2226	1 
2227	2 
2228	2 
2229	1 
2230	2 
2231	1 
2232	1 
2233	2 
2234	2 
2235	1 
2236	1 
2237	2 
2238	1 
2239	1 
2240	2 
2241	2 
2242	1 
2243	1 
2244	2 
2245	1 
2246	2 
2247	2 
2248	2 
2249	2 
2250	1 
2251	2 
2252	1 
2253	2 
2254	2 
2255	2 
2256	2 
2257	2 
2258	2 
2259	2 
2260	2 
2261	2 
2262	2 
2263	2 
2264	2 
2265	1 
2266	1 
2267	1 
2268	2 
2269	2 
2270	2 
2271	1 
2272	2 
2273	1 
2274	1 
2275	1 
2276	2 
2277	2 
2278	2 
2279	1 
2280	1 
2281	1 
2282	2 
2283	1 
2284	1 
2285	2 
2286	1 
2287	2 
2288	2 
2289	2 
2290	2 
2291	2 
2292	2 
2293	1 
2294	1 
2295	2 
2296	2 
2297	2 
2298	1 
2299	2 
2300	1 
2301	1 
2302	2 
2303	1 
2304	2 
2305	2 
2306	2 
2307	1 
2308	1 
2309	2 
2310	1 
2311	2 
2312	1 
2313	1 
2314	1 
2315	1 
2316	1 
2317	1 
2318	1 
2319	2 
2320	1 
2321	1 
2322	2 
2323	2 
2324	1 
2325	1 
2326	2 
2327	1 
2328	1 
2329	1 
2330	1 
2331	2 
2332	1 
2333	2 
2334	1 
2335	2 
2336	1 
2337	1 
2338	1 
2339	2 
2340	2 
2341	1 
2342	2 
2343	2 
2344	2 
2345	1 
2346	1 
2347	1 
2348	2 
2349	2 
2350	1 
2351	1 
2352	2 
2353	1 
2354	2 
2355	2 
2356	1 
2357	1 
2358	2 
2359	2 
2360	1 
2361	2 
2362	1 
2363	1 
2364	1 
2365	1 
2366	1 
2367	1 
2368	1 
2369	2 
2370	1 
2371	2 
2372	1 
2373	2 
2374	2 
2375	1 
2376	2 
2377	2 
2378	1 
2379	1 
2380	2 
2381	1 
2382	1 
2383	2 
2384	2 
2385	1 
2386	1 
2387	2 
2388	1 
2389	2 
2390	1 
2391	1 
2392	1 
2393	2 
2394	1 
2395	2 
2396	2 
2397	2 
2398	1 
2399	1 
2400	2 
2401	2 
2402	1 
2403	1 
2404	1 
2405	2 
2406	1 
2407	2 
2408	2 
2409	2 
2410	2 
2411	2 
2412	1 
2413	1 
2414	1 
2415	2 
2416	2 
2417	2 
2418	1 
2419	2 
2420	1 
2421	1 
2422	2 
2423	2 
2424	1 
2425	2 
2426	1 
2427	2 
2428	2 
2429	1 
2430	2 
2431	2 
2432	2 
2433	2 
2434	2 
2435	1 
2436	1 
2437	2 
2438	1 
2439	2 
2440	2 
2441	2 
2442	1 
2443	1 
2444	1 
2445	2 
2446	2 
2447	2 
2448	2 
2449	1 
2450	2 
2451	1 
2452	1 
2453	2 
2454	2 
2455	2 
2456	1 
2457	1 
2458	1 
2459	2 
2460	2 
2461	2 
2462	1 
2463	2 
2464	2 
2465	2 
2466	2 
2467	2 
2468	1 
2469	1 
2470	2 
2471	1 
2472	2 
2473	1 
2474	2 
2475	2 
2476	2 
2477	1 
2478	2 
2479	1 
2480	1 
2481	2 
2482	2 
2483	2 
2484	2 
2485	2 
2486	1 
2487	2 
2488	1 
2489	2 
2490	2 
2491	2 
2492	2 
2493	1 
2494	1 
2495	2 
2496	2 
2497	2 
2498	1 
2499	1 
2500	2 
2501	1 
2502	1 
2503	1 
2504	1 
2505	2 
2506	2 
2507	2 
2508	2 
2509	1 
2510	2 
2511	2 
2512	1 
2513	2 
2514	2 
2515	2 
2516	1 
2517	1 
2518	1 
2519	1 
2520	1 
2521	2 
2522	1 
2523	1 
2524	2 
2525	2 
2526	2 
2527	1 
2528	1 
2529	2 
2530	2 
2531	2 
2532	2 
2533	2 
2534	1 
2535	1 
2536	2 
2537	2 
2538	2 
2539	1 
2540	1 
2541	1 
2542	1 
2543	1 
2544	1 
2545	1 
2546	2 
2547	2 
2548	2 
2549	2 
2550	1 
2551	1 
2552	2 
2553	2 
2554	2 
2555	1 
2556	1 
2557	1 
2558	2 
2559	2 
2560	2 
2561	2 
2562	2 
2563	2 
2564	2 
2565	2 
2566	2 
2567	2 
2568	1 
2569	2 
2570	1 
2571	1 
2572	1 
2573	2 
2574	2 
2575	1 
2576	1 
2577	1 
2578	2 
2579	2 
2580	1 
2581	2 
2582	2 
2583	1 
2584	2 
2585	2 
2586	2 
2587	1 
2588	1 
2589	2 
2590	2 
2591	2 
2592	1 
2593	1 
2594	1 
2595	1 
2596	1 
2597	1 
2598	1 
2599	2 
2600	2 
2601	2 
2602	1 
2603	1 
2604	2 
2605	1 
2606	2 
2607	2 
2608	2 
2609	2 
2610	1 
2611	1 
2612	1 
2613	1 
2614	2 
2615	1 
2616	1 
2617	2 
2618	2 
2619	1 
2620	1 
2621	1 
2622	1 
2623	2 
2624	2 
2625	2 
2626	1 
2627	1 
2628	1 
2629	2 
2630	1 
2631	1 
2632	1 
2633	1 
2634	2 
2635	2 
2636	1 
2637	1 
2638	1 
2639	1 
2640	2 
2641	1 
2642	1 
2643	1 
2644	2 
2645	1 
2646	2 
2647	1 
2648	2 
2649	1 
2650	1 
2651	1 
2652	1 
2653	1 
2654	1 
2655	2 
2656	2 
2657	1 
2658	2 
2659	2 
2660	2 
2661	1 
2662	1 
2663	1 
2664	2 
2665	2 
2666	1 
2667	2 
2668	1 
2669	1 
2670	1 
2671	2 
2672	1 
2673	2 
2674	1 
2675	1 
2676	1 
2677	1 
2678	1 
2679	2 
2680	1 
2681	1 
2682	1 
2683	1 
2684	1 
2685	1 
2686	2 
2687	1 
2688	1 
2689	1 
2690	1 
2691	1 
2692	1 
2693	1 
2694	1 
2695	2 
2696	1 
2697	1 
2698	1 
2699	1 
2700	1 
2701	1 
2702	1 
2703	1 
2704	1 
2705	1 
2706	1 
2707	1 
2708	1 
2709	1 
2710	1 
2711	1 
2712	1 
2713	2 
2714	1 
2715	2 
2716	2 
2717	2 
2718	1 
2719	2 
2720	1 
2721	2 
2722	1 
2723	1 
2724	1 
2725	1 
2726	1 
2727	2 
2728	2 
2729	1 
2730	1 
2731	1 
2732	2 
2733	2 
2734	1 
2735	2 
2736	1 
2737	1 
2738	1 
2739	2 
2740	1 
2741	1 
2742	2 
2743	1 
2744	1 
2745	1 
2746	1 
2747	2 
2748	1 
2749	1 
2750	1 
2751	1 
2752	1 
2753	1 
2754	1 
2755	1 
2756	1 
2757	1 
2758	1 
2759	1 
2760	2 
2761	1 
2762	2 
2763	1 
2764	1 
2765	1 
2766	2 
2767	1 
2768	1 
2769	1 
2770	2 
2771	1 
2772	2 
2773	1 
2774	1 
2775	2 
2776	1 
2777	2 
2778	2 
2779	1 
2780	2 
2781	2 
2782	1 
2783	2 
2784	2 
2785	2 
2786	2 
2787	2 
2788	2 
2789	1 
2790	2 
2791	2 
2792	2 
2793	1 
2794	1 
2795	2 
2796	1 
2797	1 
2798	1 
2799	2 
2800	1 
2801	1 
2802	1 
2803	2 
2804	1 
2805	1 
2806	2 
2807	1 
2808	1 
2809	1 
2810	1 
2811	2 
2812	1 
2813	1 
2814	2 
2815	1 
2816	1 
2817	2 
2818	2 
2819	1 
2820	1 
2821	1 
2822	1 
2823	1 
2824	2 
2825	1 
2826	1 
2827	2 
2828	2 
2829	1 
2830	2 
2831	2 
2832	1 
2833	1 
2834	1 
2835	2 
2836	1 
2837	1 
2838	1 
2839	1 
2840	2 
2841	1 
2842	1 
2843	1 
2844	2 
2845	1 
2846	1 
2847	2 
2848	1 
2849	1 
2850	2 
2851	2 
2852	1 
2853	1 
2854	1 
2855	2 
2856	2 
2857	1 
2858	1 
2859	1 
2860	1 
2861	2 
2862	2 
2863	2 
2864	2 
2865	1 
2866	1 
2867	1 
2868	1 
2869	1 
2870	1 
2871	1 
2872	1 
2873	1 
2874	1 
2875	2 
2876	2 
2877	2 
2878	2 
2879	1 
2880	1 
2881	2 
2882	2 
2883	1 
2884	1 
2885	1 
2886	2 
2887	1 
2888	1 
2889	2 
2890	2 
2891	1 
2892	1 
2893	1 
2894	1 
2895	1 
2896	1 
2897	2 
2898	1 
2899	1 
2900	2 
2901	2 
2902	1 
2903	1 
2904	1 
2905	1 
2906	1 
2907	1 
2908	1 
2909	2 
2910	2 
2911	2 
2912	2 
2913	2 
2914	1 
2915	1 
2916	2 
2917	1 
2918	1 
2919	2 
2920	2 
2921	1 
2922	1 
2923	2 
2924	1 
2925	2 
2926	1 
2927	1 
2928	2 
2929	1 
2930	2 
2931	2 
2932	2 
2933	1 
2934	1 
2935	1 
2936	1 
2937	1 
2938	1 
2939	1 
2940	2 
2941	1 
2942	1 
2943	1 
2944	1 
2945	1 
2946	2 
2947	2 
2948	2 
2949	1 
2950	2 
2951	2 
2952	1 
2953	1 
2954	1 
2955	1 
2956	1 
2957	1 
2958	2 
2959	2 
2960	2 
2961	2 
2962	2 
2963	1 
2964	1 
2965	2 
2966	1 
2967	1 
2968	1 
2969	1 
2970	1 
2971	2 
2972	1 
2973	2 
2974	1 
2975	2 
2976	2 
2977	1 
2978	1 
2979	1 
2980	2 
2981	2 
2982	2 
2983	1 
2984	1 
2985	2 
2986	2 
2987	1 
2988	1 
2989	1 
2990	2 
2991	1 
2992	2 
2993	1 
2994	1 
2995	1 
2996	1 
2997	2 
2998	1 
2999	1 
3000	1 
3001	1 
3002	1 
3003	1 
3004	2 
3005	1 
3006	1 
3007	2 
3008	2 
3009	1 
3010	1 
3011	1 
3012	1 
3013	1 
3014	2 
3015	1 
3016	1 
3017	1 
3018	2 
3019	1 
3020	1 
3021	2 
3022	1 
3023	1 
3024	1 
3025	1 
3026	1 
3027	1 
3028	1 
3029	1 
3030	1 
3031	1 
3032	1 
3033	1 
3034	1 
3035	1 
3036	1 
3037	2 
3038	2 
3039	1 
3040	1 
3041	2 
3042	1 
3043	2 
3044	1 
3045	1 
3046	2 
3047	1 
3048	2 
3049	1 
3050	1 
3051	1 
3052	1 
3053	1 
3054	2 
3055	1 
3056	1 
3057	1 
3058	1 
3059	1 
3060	1 
3061	1 
3062	1 
3063	1 
3064	2 
3065	1 
3066	1 
3067	2 
3068	1 
3069	1 
3070	1 
3071	1 
3072	1 
3073	2 
3074	1 
3075	1 
3076	1 
3077	1 
3078	1 
3079	1 
3080	1 
3081	2 
3082	2 
3083	1 
3084	1 
3085	1 
3086	2 
3087	2 
3088	2 
3089	2 
3090	1 
3091	2 
3092	1 
3093	1 
3094	2 
3095	1 
3096	1 
3097	1 
3098	1 
3099	1 
3100	2 
3101	2 
3102	2 
3103	2 
3104	1 
3105	1 
3106	2 
3107	1 
3108	1 
3109	2 
3110	2 
3111	1 
3112	2 
3113	1 
3114	2 
3115	1 
3116	2 
3117	2 
3118	1 
3119	2 
3120	2 
3121	2 
3122	2 
3123	1 
3124	2 
3125	1 
3126	2 
3127	1 
3128	1 
3129	1 
3130	1 
3131	1 
3132	1 
3133	2 
3134	1 
3135	1 
3136	2 
3137	2 
3138	2 
3139	2 
3140	2 
3141	1 
3142	1 
3143	1 
3144	2 
3145	2 
3146	2 
3147	1 
3148	2 
3149	1 
3150	2 
3151	2 
3152	1 
3153	1 
3154	1 
3155	1 
3156	1 
3157	1 
3158	1 
3159	1 
3160	1 
3161	1 
3162	2 
3163	1 
3164	1 
3165	2 
3166	1 
3167	2 
3168	2 
3169	1 
3170	1 
3171	1 
3172	2 
3173	1 
3174	1 
3175	1 
3176	1 
3177	1 
3178	2 
3179	1 
3180	1 
3181	2 
3182	1 
3183	1 
3184	2 
3185	2 
3186	1 
3187	1 
3188	2 
3189	1 
3190	1 
3191	2 
3192	1 
3193	1 
3194	1 
3195	2 
3196	1 
3197	2 
3198	2 
3199	1 
3200	2 
3201	1 
3202	2 
3203	2 
3204	1 
3205	1 
3206	1 
3207	1 
3208	2 
3209	2 
3210	2 
3211	2 
3212	1 
3213	1 
3214	1 
3215	2 
3216	1 
3217	1 
3218	2 
3219	1 
3220	1 
3221	1 
3222	1 
3223	1 
3224	2 
3225	1 
3226	1 
3227	1 
3228	2 
3229	1 
3230	1 
3231	1 
3232	1 
3233	1 
3234	1 
3235	2 
3236	1 
3237	1 
3238	1 
3239	2 
3240	2 
3241	2 
3242	2 
3243	2 
3244	2 
3245	2 
3246	1 
3247	1 
3248	1 
3249	1 
3250	1 
3251	2 
3252	2 
3253	1 
3254	1 
3255	2 
3256	1 
3257	1 
3258	1 
3259	1 
3260	2 
3261	2 
3262	1 
3263	1 
3264	1 
3265	1 
3266	2 
3267	2 
3268	1 
3269	1 
3270	1 
3271	1 
3272	2 
3273	1 
3274	1 
3275	2 
3276	1 
3277	1 
3278	1 
3279	2 
3280	2 
3281	1 
3282	1 
3283	1 
3284	1 
3285	1 
3286	1 
3287	1 
3288	2 
3289	1 
3290	1 
3291	2 
3292	2 
3293	1 
3294	1 
3295	2 
3296	1 
3297	1 
3298	1 
3299	2 
3300	1 
3301	1 
3302	1 
3303	1 
3304	1 
3305	1 
3306	2 
3307	1 
3308	1 
3309	2 
3310	2 
3311	1 
3312	2 
3313	1 
3314	2 
3315	1 
3316	1 
3317	1 
3318	2 
3319	1 
3320	2 
3321	2 
3322	1 
3323	1 
3324	2 
3325	1 
3326	2 
3327	1 
3328	1 
3329	1 
3330	2 
3331	2 
3332	1 
3333	1 
3334	2 
3335	2 
3336	2 
3337	1 
3338	1 
3339	1 
3340	1 
3341	2 
3342	2 
3343	1 
3344	2 
3345	2 
3346	2 
3347	1 
3348	1 
3349	1 
3350	1 
3351	2 
3352	1 
3353	2 
3354	1 
3355	1 
3356	2 
3357	1 
3358	2 
3359	2 
3360	1 
3361	1 
3362	1 
3363	1 
3364	1 
3365	2 
3366	1 
3367	2 
3368	1 
3369	2 
3370	1 
3371	1 
3372	2 
3373	1 
3374	2 
3375	1 
3376	1 
3377	1 
3378	2 
3379	2 
3380	1 
3381	2 
3382	1 
3383	1 
3384	1 
3385	2 
3386	1 
3387	1 
3388	1 
3389	1 
3390	1 
3391	2 
3392	2 
3393	1 
3394	2 
3395	1 
3396	1 
3397	1 
3398	1 
3399	2 
3400	1 
3401	1 
3402	2 
3403	1 
3404	1 
3405	1 
3406	1 
3407	1 
3408	1 
3409	2 
3410	1 
3411	1 
3412	2 
3413	1 
3414	2 
3415	2 
3416	1 
3417	2 
3418	1 
3419	1 
3420	1 
3421	2 
3422	2 
3423	2 
3424	1 
3425	2 
3426	1 
3427	1 
3428	1 
3429	2 
3430	1 
3431	2 
3432	1 
3433	2 
3434	1 
3435	1 
3436	1 
3437	2 
3438	2 
3439	1 
3440	1 
3441	1 
3442	1 
3443	1 
3444	2 
3445	1 
3446	2 
3447	1 
3448	1 
3449	1 
3450	2 
3451	2 
3452	1 
3453	1 
3454	1 
3455	2 
3456	1 
3457	1 
3458	2 
3459	2 
3460	2 
3461	1 
3462	2 
3463	1 
3464	2 
3465	2 
3466	2 
3467	2 
3468	2 
3469	1 
3470	2 
3471	2 
3472	2 
3473	2 
3474	2 
3475	1 
3476	1 
3477	2 
3478	1 
3479	2 
3480	1 
3481	2 
3482	1 
3483	2 
3484	1 
3485	1 
3486	1 
3487	1 
3488	1 
3489	1 
3490	2 
3491	1 
3492	1 
3493	2 
3494	1 
3495	1 
3496	1 
3497	1 
3498	2 
3499	1 
3500	2 
3501	1 
3502	2 
3503	1 
3504	1 
3505	1 
3506	2 
3507	1 
3508	1 
3509	1 
3510	1 
3511	1 
3512	1 
3513	1 
3514	1 
3515	1 
3516	1 
3517	1 
3518	2 
3519	1 
3520	1 
3521	1 
3522	2 
3523	2 
3524	2 
3525	1 
3526	1 
3527	1 
3528	1 
3529	1 
3530	1 
3531	2 
3532	2 
3533	1 
3534	2 
3535	2 
3536	1 
3537	1 
3538	2 
3539	1 
3540	1 
3541	2 
3542	1 
3543	1 
3544	1 
3545	1 
3546	1 
3547	1 
3548	1 
3549	2 
3550	1 
3551	1 
3552	1 
3553	1 
3554	1 
3555	1 
3556	1 
3557	1 
3558	1 
3559	1 
3560	2 
3561	1 
3562	2 
3563	1 
3564	2 
3565	1 
3566	1 
3567	1 
3568	2 
3569	2 
3570	2 
3571	1 
3572	1 
3573	1 
3574	2 
3575	2 
3576	2 
3577	1 
3578	2 
3579	1 
3580	2 
3581	1 
3582	1 
3583	1 
3584	1 
3585	2 
3586	1 
3587	2 
3588	1 
3589	2 
3590	1 
3591	2 
3592	2 
3593	1 
3594	1 
3595	1 
3596	1 
3597	2 
3598	1 
3599	2 
3600	1 
3601	2 
3602	2 
3603	1 
3604	2 
3605	1 
3606	2 
3607	1 
3608	1 
3609	1 
3610	1 
3611	1 
3612	2 
3613	2 
3614	2 
3615	1 
3616	2 
3617	2 
3618	1 
3619	1 
3620	1 
3621	1 
3622	1 
3623	2 
3624	2 
3625	1 
3626	1 
3627	1 
3628	2 
3629	1 
3630	1 
3631	2 
3632	1 
3633	2 
3634	1 
3635	1 
3636	2 
3637	1 
3638	1 
3639	1 
3640	1 
3641	2 
3642	1 
3643	1 
3644	1 
3645	2 
3646	2 
3647	2 
3648	1 
3649	2 
3650	2 
3651	2 
3652	1 
3653	1 
3654	2 
3655	2 
3656	1 
3657	2 
3658	1 
3659	2 
3660	2 
3661	1 
3662	2 
3663	1 
3664	1 
3665	1 
3666	2 
3667	1 
3668	2 
3669	2 
3670	2 
3671	1 
3672	1 
3673	1 
3674	1 
3675	1 
3676	1 
3677	1 
3678	1 
3679	1 
3680	1 
3681	1 
3682	2 
3683	1 
3684	1 
3685	2 
3686	2 
3687	1 
3688	1 
3689	1 
3690	1 
3691	2 
3692	2 
3693	1 
3694	2 
3695	2 
3696	2 
3697	1 
3698	1 
3699	2 
3700	2 
3701	1 
3702	1 
3703	1 
3704	1 
3705	1 
3706	2 
3707	2 
3708	1 
3709	2 
3710	2 
3711	2 
3712	1 
3713	1 
3714	2 
3715	2 
3716	2 
3717	2 
3718	1 
3719	2 
3720	1 
3721	1 
3722	1 
3723	1 
3724	2 
3725	2 
3726	2 
3727	1 
3728	2 
3729	2 
3730	2 
3731	1 
3732	1 
3733	1 
3734	1 
3735	2 
3736	1 
3737	1 
3738	1 
3739	1 
3740	1 
3741	1 
3742	2 
3743	2 
3744	1 
3745	2 
3746	2 
3747	1 
3748	1 
3749	2 
3750	1 
3751	2 
3752	1 
3753	2 
3754	1 
3755	2 
3756	1 
3757	1 
3758	2 
3759	1 
3760	1 
3761	2 
3762	2 
3763	1 
3764	1 
3765	1 
3766	1 
3767	1 
3768	1 
3769	2 
3770	2 
3771	2 
3772	1 
3773	2 
3774	2 
3775	1 
3776	1 
3777	2 
3778	2 
3779	1 
3780	1 
3781	1 
3782	1 
3783	1 
3784	2 
3785	1 
3786	1 
3787	1 
3788	1 
3789	2 
3790	2 
3791	1 
3792	2 
3793	2 
3794	1 
3795	1 
3796	1 
3797	1 
3798	2 
3799	1 
3800	1 
3801	1 
3802	1 
3803	1 
3804	1 
3805	1 
3806	1 
3807	2 
3808	1 
3809	1 
3810	1 
3811	1 
3812	1 
3813	2 
3814	2 
3815	2 
3816	2 
3817	1 
3818	1 
3819	1 
3820	1 
3821	1 
3822	1 
3823	2 
3824	2 
3825	1 
3826	1 
3827	1 
3828	1 
3829	2 
3830	1 
3831	1 
3832	1 
3833	1 
3834	1 
3835	2 
3836	2 
3837	2 
3838	1 
3839	1 
3840	2 
3841	1 
3842	1 
3843	2 
3844	2 
3845	1 
3846	2 
3847	2 
3848	1 
3849	1 
3850	2 
3851	1 
3852	1 
3853	1 
3854	1 
3855	1 
3856	1 
3857	1 
3858	2 
3859	1 
3860	1 
3861	2 
3862	1 
3863	2 
3864	1 
3865	1 
3866	2 
3867	2 
3868	2 
3869	1 
3870	2 
3871	1 
3872	1 
3873	2 
3874	2 
3875	1 
3876	2 
3877	2 
3878	2 
3879	1 
3880	1 
3881	1 
3882	2 
3883	2 
3884	2 
3885	2 
3886	1 
3887	1 
3888	1 
3889	1 
3890	1 
3891	1 
3892	1 
3893	1 
3894	1 
3895	1 
3896	2 
3897	1 
3898	2 
3899	2 
3900	2 
3901	1 
3902	1 
3903	2 
3904	1 
3905	1 
3906	2 
3907	1 
3908	1 
3909	1 
3910	2 
3911	1 
3912	1 
3913	1 
3914	1 
3915	1 
3916	1 
3917	1 
3918	1 
3919	1 
3920	2 
3921	2 
3922	1 
3923	2 
3924	1 
3925	2 
3926	1 
3927	1 
3928	1 
3929	2 
3930	1 
3931	1 
3932	2 
3933	1 
3934	1 
3935	1 
3936	1 
3937	2 
3938	1 
3939	1 
3940	1 
3941	2 
3942	1 
3943	1 
3944	1 
3945	1 
3946	1 
3947	2 
3948	1 
3949	2 
3950	1 
3951	2 
3952	2 
3953	1 
3954	1 
3955	2 
3956	1 
3957	2 
3958	1 
3959	1 
3960	1 
3961	2 
3962	1 
3963	1 
3964	2 
3965	2 
3966	1 
3967	2 
3968	1 
3969	1 
3970	1 
3971	2 
3972	2 
3973	2 
3974	1 
3975	2 
3976	2 
3977	1 
3978	1 
3979	1 
3980	2 
3981	2 
3982	1 
3983	1 
3984	1 
3985	1 
3986	1 
3987	2 
3988	1 
3989	1 
3990	2 
3991	1 
3992	2 
3993	1 
3994	2 
3995	1 
3996	1 
3997	1 
3998	1 
3999	1 
4000	1 
4001	1 
4002	1 
4003	1 
4004	1 
4005	1 
4006	1 
4007	1 
4008	1 
4009	1 
4010	1 
4011	1 
4012	2 
4013	2 
4014	1 
4015	1 
4016	1 
4017	1 
4018	2 
4019	1 
4020	1 
4021	1 
4022	2 
4023	1 
4024	2 
4025	2 
4026	1 
4027	1 
4028	1 
4029	2 
4030	1 
4031	1 
4032	1 
4033	2 
4034	1 
4035	2 
4036	2 
4037	1 
4038	1 
